OFF
#
# 30 Cubes of Group A5 x I / C2 x I, version B
#
# file generated by S4xICompounds.py, Marcel Tunnissen
# Vertices Faces Edges
180 240 360
# Vertices
0.61707652894064 0.25231131935571 -0.23570226039552
0.23570226039552 -0.66055960981957 -0.09003025224591
-0.25231131935571 0 -0.66055960981957
-0.61707652894064 -0.25231131935571 0.23570226039552
-0.23570226039552 0.66055960981957 0.09003025224591
0.25231131935571 0 0.66055960981957
-0.61707652894064 0.25231131935571 0.23570226039552
-0.23570226039552 -0.66055960981957 0.09003025224591
0.25231131935571 0 0.66055960981957
0.61707652894064 -0.25231131935571 -0.23570226039552
0.23570226039552 0.66055960981957 -0.09003025224591
-0.25231131935571 0 -0.66055960981957
-0.09003025224591 -0.66055960981957 -0.23570226039552
-0.68991253301544 0.12615565967785 -0.09003025224591
0.12615565967785 0.21850801222441 -0.66055960981957
0.09003025224591 0.66055960981957 0.23570226039552
0.68991253301544 -0.12615565967785 0.09003025224591
-0.12615565967785 -0.21850801222441 0.66055960981957
-0.52704627669473 0.40824829046386 -0.23570226039552
0.45421027261993 0.53440395014172 -0.09003025224591
0.12615565967785 -0.21850801222441 -0.66055960981957
0.52704627669473 -0.40824829046386 0.23570226039552
-0.45421027261993 -0.53440395014172 0.09003025224591
-0.12615565967785 0.21850801222441 0.66055960981957
0.09003025224591 -0.66055960981957 0.23570226039552
-0.45421027261993 0.12615565967785 0.52704627669473
-0.53440395014172 -0.21850801222441 -0.40824829046386
-0.09003025224591 0.66055960981957 -0.23570226039552
0.45421027261993 -0.12615565967785 -0.52704627669473
0.53440395014172 0.21850801222441 0.40824829046386
-0.23570226039552 0.40824829046386 0.52704627669473
0.39856851671623 0.53440395014172 -0.23570226039552
-0.53440395014172 0.21850801222441 -0.40824829046386
0.23570226039552 -0.40824829046386 -0.52704627669473
-0.39856851671623 -0.53440395014172 0.23570226039552
0.53440395014172 -0.21850801222441 0.40824829046386
-0.09003025224591 0.66055960981957 -0.23570226039552
0.23570226039552 0.25231131935571 0.61707652894064
0.66055960981957 0 -0.25231131935571
0.09003025224591 -0.66055960981957 0.23570226039552
-0.23570226039552 -0.25231131935571 -0.61707652894064
-0.66055960981957 0 0.25231131935571
-0.47140452079103 0 -0.52704627669473
0.52704627669473 0 -0.47140452079103
0 -0.70710678118655 0
0.47140452079103 0 0.52704627669473
-0.52704627669473 0 0.47140452079103
0 0.70710678118655 0
0.09003025224591 0.66055960981957 0.23570226039552
-0.23570226039552 0.25231131935571 -0.61707652894064
-0.66055960981957 0 0.25231131935571
-0.09003025224591 -0.66055960981957 -0.23570226039552
0.23570226039552 -0.25231131935571 0.61707652894064
0.66055960981957 0 -0.25231131935571
0 0 0.70710678118655
0.70710678118655 0 0
0 0.70710678118655 0
0 0 -0.70710678118655
-0.70710678118655 0 0
0 -0.70710678118655 0
0.61707652894064 0.25231131935571 -0.23570226039552
-0.33635914242217 0.33027980490979 -0.52704627669473
-0.07796848555408 0.57206140281768 0.40824829046386
-0.61707652894064 -0.25231131935571 0.23570226039552
0.33635914242217 -0.33027980490979 0.52704627669473
0.07796848555408 -0.57206140281768 -0.40824829046386
0.61707652894064 0.25231131935571 -0.23570226039552
0.10065688202665 0.33027980490979 0.61707652894064
0.33027980490979 -0.57206140281768 0.25231131935571
-0.61707652894064 -0.25231131935571 0.23570226039552
-0.10065688202665 -0.33027980490979 -0.61707652894064
-0.33027980490979 0.57206140281768 -0.25231131935571
0.52704627669473 -0.40824829046386 0.23570226039552
0.33635914242217 0.07796848555408 -0.61707652894064
0.33027980490979 0.57206140281768 0.25231131935571
-0.52704627669473 0.40824829046386 -0.23570226039552
-0.33635914242217 -0.07796848555408 0.61707652894064
-0.33027980490979 -0.57206140281768 -0.25231131935571
0.23570226039552 -0.40824829046386 -0.52704627669473
0.66209165506359 0.07796848555408 0.23570226039552
-0.07796848555408 -0.57206140281768 0.40824829046386
-0.23570226039552 0.40824829046386 0.52704627669473
-0.66209165506359 -0.07796848555408 -0.23570226039552
0.07796848555408 0.57206140281768 -0.40824829046386
0.61707652894064 -0.25231131935571 -0.23570226039552
-0.33635914242217 -0.33027980490978 -0.52704627669473
0.07796848555408 0.57206140281768 -0.40824829046386
-0.61707652894064 0.25231131935571 0.23570226039552
0.33635914242217 0.33027980490978 0.52704627669473
-0.07796848555408 -0.57206140281768 0.40824829046386
0.23570226039552 -0.40824829046386 -0.52704627669473
-0.26352313834737 0.45643546458764 -0.47140452079103
0.6123724356958 0.35355339059327 0
-0.23570226039552 0.40824829046386 0.52704627669473
0.26352313834737 -0.45643546458764 0.47140452079103
-0.6123724356958 -0.35355339059327 0
0 0 -0.70710678118655
0.35355339059327 0.6123724356958 0
0.6123724356958 -0.35355339059327 0
0 0 0.70710678118655
-0.35355339059327 -0.6123724356958 0
-0.6123724356958 0.35355339059327 0
0.23570226039552 0.40824829046386 -0.52704627669473
0.66209165506359 -0.07796848555408 0.23570226039552
0.07796848555408 -0.57206140281768 -0.40824829046386
-0.23570226039552 -0.40824829046386 0.52704627669473
-0.66209165506359 0.07796848555408 -0.23570226039552
-0.07796848555408 0.57206140281768 0.40824829046386
0.61707652894064 -0.25231131935571 -0.23570226039552
0.10065688202665 -0.33027980490978 0.61707652894064
-0.33027980490978 -0.57206140281768 -0.25231131935571
-0.61707652894064 0.25231131935571 0.23570226039552
-0.10065688202665 0.33027980490978 -0.61707652894064
0.33027980490978 0.57206140281768 0.25231131935571
0.52704627669473 -0.40824829046386 0.23570226039552
0.11785113019776 0.45643546458764 0.52704627669473
-0.45643546458764 -0.35355339059327 0.40824829046386
-0.52704627669473 0.40824829046386 -0.23570226039552
-0.11785113019776 -0.45643546458764 -0.52704627669473
0.45643546458764 0.35355339059327 -0.40824829046386
0.47140452079103 0 0.52704627669473
0.26352313834736 0.6123724356958 -0.23570226039552
-0.45643546458764 0.35355339059327 0.40824829046386
-0.47140452079103 0 -0.52704627669473
-0.26352313834736 -0.6123724356958 0.23570226039552
0.45643546458764 -0.35355339059327 -0.40824829046386
0.52704627669473 0.40824829046386 0.23570226039552
0.33635914242217 -0.07796848555408 -0.61707652894064
-0.33027980490978 0.57206140281768 -0.25231131935571
-0.52704627669473 -0.40824829046386 -0.23570226039552
-0.33635914242217 0.07796848555408 0.61707652894064
0.33027980490978 -0.57206140281768 0.25231131935571
0.23570226039552 0.40824829046386 -0.52704627669473
-0.26352313834737 -0.45643546458764 -0.47140452079103
-0.61237243569579 0.35355339059327 0
-0.23570226039552 -0.40824829046386 0.52704627669473
0.26352313834737 0.45643546458764 0.47140452079103
0.61237243569579 -0.35355339059327 0
-0.09003025224591 0.66055960981957 -0.23570226039552
-0.68991253301544 -0.12615565967785 -0.09003025224591
-0.12615565967785 0.21850801222441 0.66055960981957
0.09003025224591 -0.66055960981957 0.23570226039552
0.68991253301544 0.12615565967785 0.09003025224591
0.12615565967785 -0.21850801222441 -0.66055960981957
0.09003025224591 0.66055960981957 0.23570226039552
-0.45421027261993 -0.12615565967785 0.52704627669473
0.53440395014172 -0.21850801222441 0.40824829046386
-0.09003025224591 -0.66055960981957 -0.23570226039552
0.45421027261993 0.12615565967785 -0.52704627669473
-0.53440395014172 0.21850801222441 -0.40824829046386
0.52704627669473 0.40824829046386 0.23570226039552
0.11785113019776 -0.45643546458764 0.52704627669473
0.45643546458764 -0.35355339059327 -0.40824829046386
-0.52704627669473 -0.40824829046386 -0.23570226039552
-0.11785113019776 0.45643546458764 -0.52704627669473
-0.45643546458764 0.35355339059327 0.40824829046386
0.47140452079103 0 0.52704627669473
0.26352313834736 -0.61237243569579 -0.23570226039552
0.45643546458764 0.35355339059327 -0.40824829046386
-0.47140452079103 0 -0.52704627669473
-0.26352313834736 0.61237243569579 0.23570226039552
-0.45643546458764 -0.35355339059327 0.40824829046386
-0.23570226039552 -0.40824829046386 0.52704627669473
0.39856851671623 -0.53440395014172 -0.23570226039552
0.53440395014172 0.21850801222441 0.40824829046386
0.23570226039552 0.40824829046386 -0.52704627669473
-0.39856851671623 0.53440395014172 0.23570226039552
-0.53440395014172 -0.21850801222441 -0.40824829046386
-0.52704627669473 -0.40824829046386 -0.23570226039552
0.45421027261993 -0.53440395014172 -0.09003025224591
-0.12615565967785 -0.21850801222441 0.66055960981957
0.52704627669473 0.40824829046386 0.23570226039552
-0.45421027261993 0.53440395014172 0.09003025224591
0.12615565967785 0.21850801222441 -0.66055960981957
0 0 -0.70710678118655
0.35355339059327 -0.61237243569579 0
-0.61237243569579 -0.35355339059327 0
0 0 0.70710678118655
-0.35355339059327 0.61237243569579 0
0.61237243569579 0.35355339059327 0
# Sides and colours
3 0 4 5  51 51 229
3 2 4 0  51 51 229
3 3 4 2  51 51 229
3 5 4 3  51 51 229
3 5 1 0  51 51 229
3 0 1 2  51 51 229
3 2 1 3  51 51 229
3 3 1 5  51 51 229
3 6 10 11  229 229 0
3 8 10 6  229 229 0
3 9 10 8  229 229 0
3 11 10 9  229 229 0
3 11 7 6  229 229 0
3 6 7 8  229 229 0
3 8 7 9  229 229 0
3 9 7 11  229 229 0
3 12 16 17  51 229 51
3 14 16 12  51 229 51
3 15 16 14  51 229 51
3 17 16 15  51 229 51
3 17 13 12  51 229 51
3 12 13 14  51 229 51
3 14 13 15  51 229 51
3 15 13 17  51 229 51
3 18 22 23  51 229 229
3 20 22 18  51 229 229
3 21 22 20  51 229 229
3 23 22 21  51 229 229
3 23 19 18  51 229 229
3 18 19 20  51 229 229
3 20 19 21  51 229 229
3 21 19 23  51 229 229
3 24 28 29  229 51 229
3 26 28 24  229 51 229
3 27 28 26  229 51 229
3 29 28 27  229 51 229
3 29 25 24  229 51 229
3 24 25 26  229 51 229
3 26 25 27  229 51 229
3 27 25 29  229 51 229
3 30 34 35  153 153 229
3 32 34 30  153 153 229
3 33 34 32  153 153 229
3 35 34 33  153 153 229
3 35 31 30  153 153 229
3 30 31 32  153 153 229
3 32 31 33  153 153 229
3 33 31 35  153 153 229
3 36 40 41  229 51 229
3 38 40 36  229 51 229
3 39 40 38  229 51 229
3 41 40 39  229 51 229
3 41 37 36  229 51 229
3 36 37 38  229 51 229
3 38 37 39  229 51 229
3 39 37 41  229 51 229
3 42 46 47  127 25 76
3 44 46 42  127 25 76
3 45 46 44  127 25 76
3 47 46 45  127 25 76
3 47 43 42  127 25 76
3 42 43 44  127 25 76
3 44 43 45  127 25 76
3 45 43 47  127 25 76
3 48 52 53  51 229 51
3 50 52 48  51 229 51
3 51 52 50  51 229 51
3 53 52 51  51 229 51
3 53 49 48  51 229 51
3 48 49 50  51 229 51
3 50 49 51  51 229 51
3 51 49 53  51 229 51
3 54 58 59  229 51 51
3 56 58 54  229 51 51
3 57 58 56  229 51 51
3 59 58 57  229 51 51
3 59 55 54  229 51 51
3 54 55 56  229 51 51
3 56 55 57  229 51 51
3 57 55 59  229 51 51
3 60 64 65  51 51 229
3 62 64 60  51 51 229
3 63 64 62  51 51 229
3 65 64 63  51 51 229
3 65 61 60  51 51 229
3 60 61 62  51 51 229
3 62 61 63  51 51 229
3 63 61 65  51 51 229
3 66 70 71  51 51 229
3 68 70 66  51 51 229
3 69 70 68  51 51 229
3 71 70 69  51 51 229
3 71 67 66  51 51 229
3 66 67 68  51 51 229
3 68 67 69  51 51 229
3 69 67 71  51 51 229
3 72 76 77  51 229 229
3 74 76 72  51 229 229
3 75 76 74  51 229 229
3 77 76 75  51 229 229
3 77 73 72  51 229 229
3 72 73 74  51 229 229
3 74 73 75  51 229 229
3 75 73 77  51 229 229
3 78 82 83  153 153 229
3 80 82 78  153 153 229
3 81 82 80  153 153 229
3 83 82 81  153 153 229
3 83 79 78  153 153 229
3 78 79 80  153 153 229
3 80 79 81  153 153 229
3 81 79 83  153 153 229
3 84 88 89  229 229 0
3 86 88 84  229 229 0
3 87 88 86  229 229 0
3 89 88 87  229 229 0
3 89 85 84  229 229 0
3 84 85 86  229 229 0
3 86 85 87  229 229 0
3 87 85 89  229 229 0
3 90 94 95  153 153 229
3 92 94 90  153 153 229
3 93 94 92  153 153 229
3 95 94 93  153 153 229
3 95 91 90  153 153 229
3 90 91 92  153 153 229
3 92 91 93  153 153 229
3 93 91 95  153 153 229
3 96 100 101  229 51 51
3 98 100 96  229 51 51
3 99 100 98  229 51 51
3 101 100 99  229 51 51
3 101 97 96  229 51 51
3 96 97 98  229 51 51
3 98 97 99  229 51 51
3 99 97 101  229 51 51
3 102 106 107  247 247 178
3 104 106 102  247 247 178
3 105 106 104  247 247 178
3 107 106 105  247 247 178
3 107 103 102  247 247 178
3 102 103 104  247 247 178
3 104 103 105  247 247 178
3 105 103 107  247 247 178
3 108 112 113  229 229 0
3 110 112 108  229 229 0
3 111 112 110  229 229 0
3 113 112 111  229 229 0
3 113 109 108  229 229 0
3 108 109 110  229 229 0
3 110 109 111  229 229 0
3 111 109 113  229 229 0
3 114 118 119  51 229 229
3 116 118 114  51 229 229
3 117 118 116  51 229 229
3 119 118 117  51 229 229
3 119 115 114  51 229 229
3 114 115 116  51 229 229
3 116 115 117  51 229 229
3 117 115 119  51 229 229
3 120 124 125  127 25 76
3 122 124 120  127 25 76
3 123 124 122  127 25 76
3 125 124 123  127 25 76
3 125 121 120  127 25 76
3 120 121 122  127 25 76
3 122 121 123  127 25 76
3 123 121 125  127 25 76
3 126 130 131  51 51 102
3 128 130 126  51 51 102
3 129 130 128  51 51 102
3 131 130 129  51 51 102
3 131 127 126  51 51 102
3 126 127 128  51 51 102
3 128 127 129  51 51 102
3 129 127 131  51 51 102
3 132 136 137  247 247 178
3 134 136 132  247 247 178
3 135 136 134  247 247 178
3 137 136 135  247 247 178
3 137 133 132  247 247 178
3 132 133 134  247 247 178
3 134 133 135  247 247 178
3 135 133 137  247 247 178
3 138 142 143  229 51 229
3 140 142 138  229 51 229
3 141 142 140  229 51 229
3 143 142 141  229 51 229
3 143 139 138  229 51 229
3 138 139 140  229 51 229
3 140 139 141  229 51 229
3 141 139 143  229 51 229
3 144 148 149  51 229 51
3 146 148 144  51 229 51
3 147 148 146  51 229 51
3 149 148 147  51 229 51
3 149 145 144  51 229 51
3 144 145 146  51 229 51
3 146 145 147  51 229 51
3 147 145 149  51 229 51
3 150 154 155  51 51 102
3 152 154 150  51 51 102
3 153 154 152  51 51 102
3 155 154 153  51 51 102
3 155 151 150  51 51 102
3 150 151 152  51 51 102
3 152 151 153  51 51 102
3 153 151 155  51 51 102
3 156 160 161  127 25 76
3 158 160 156  127 25 76
3 159 160 158  127 25 76
3 161 160 159  127 25 76
3 161 157 156  127 25 76
3 156 157 158  127 25 76
3 158 157 159  127 25 76
3 159 157 161  127 25 76
3 162 166 167  247 247 178
3 164 166 162  247 247 178
3 165 166 164  247 247 178
3 167 166 165  247 247 178
3 167 163 162  247 247 178
3 162 163 164  247 247 178
3 164 163 165  247 247 178
3 165 163 167  247 247 178
3 168 172 173  51 51 102
3 170 172 168  51 51 102
3 171 172 170  51 51 102
3 173 172 171  51 51 102
3 173 169 168  51 51 102
3 168 169 170  51 51 102
3 170 169 171  51 51 102
3 171 169 173  51 51 102
3 174 178 179  229 51 51
3 176 178 174  229 51 51
3 177 178 176  229 51 51
3 179 178 177  229 51 51
3 179 175 174  229 51 51
3 174 175 176  229 51 51
3 176 175 177  229 51 51
3 177 175 179  229 51 51
# END
